%UQM Powerphase 150 motoring
function map_matrix = ele1

%Speed, RPM/10	Torque, Nm	Eff
map_matrix = [
3.55E-15	373.577	65
12.0482	401.335	65
18.6747	433.719	65
22.2892	466.103	65
25.9036	514.68	65
30.1205	563.256	65
32.5301	600.267	65
30.7229	617.616	65
31.9277	650	65
-0.60241	240.569	70
10.241	274.11	70
19.2771	311.121	70
24.6988	355.071	70
30.1205	411.744	70
33.7349	452.224	70
36.1446	501.957	70
40.3614	550.534	70
42.7711	593.327	70
40.9639	625.712	70
42.7711	650	70
0.60241	46.2633	70
54.2169	35.8541	70
122.892	32.3843	70
190.964	32.3843	70
251.807	34.6975	70
315.06	34.6975	70
365.06	35.8541	70
434.94	41.637	70
449.398	41.637	70
54.2169	650	75
53.012	619.929	75
54.2169	563.256	75
50.6024	530.872	75
46.988	503.114	75
45.1807	461.477	75
40.9639	405.961	75
40.3614	386.299	75
36.1446	330.783	75
30.7229	285.676	75
30.1205	240.569	75
22.8916	182.74	75
16.2651	137.633	75
16.2651	104.093	75
16.2651	82.1174	75
21.6867	62.4555	75
34.9398	50.8897	75
69.2771	45.1068	75
117.47	42.7936	75
181.928	41.637	75
235.542	43.9502	75
272.289	42.7936	75
325.904	45.1068	75
388.554	45.1068	75
424.096	49.7331	75
450	49.7331	75
74.0964	651.157	80
70.4819	623.399	80
73.494	588.701	80
71.0843	550.534	80
65.6627	513.523	80
60.8434	463.79	80
56.6265	408.274	80
53.6145	366.637	80
50	337.722	80
46.988	306.495	80
44.5783	274.11	80
44.5783	227.847	80
41.5663	179.27	80
39.1566	145.73	80
40.9639	113.345	80
48.1928	83.274	80
57.2289	67.0818	80
88.5542	57.8292	80
140.964	55.516	80
236.145	54.3594	80
280.723	54.3594	80
324.699	55.516	80
368.072	58.9858	80
405.422	60.1423	80
450.602	64.7687	80
110.241	640.747	85
104.819	624.555	85
106.024	606.05	85
104.217	578.292	85
101.807	549.377	85
96.3855	506.584	85
90.3614	455.694	85
84.3373	396.708	85
77.7108	342.349	85
73.494	315.747	85
69.2771	286.833	85
68.6747	263.701	85
71.0843	248.665	85
66.8675	225.534	85
65.6627	172.331	85
68.0723	139.947	85
83.7349	114.502	85
105.422	98.3096	85
125.904	89.0569	85
147.59	85.5872	85
163.855	79.8043	85
192.771	71.7082	85
234.337	76.3345	85
257.831	76.3345	85
291.566	74.0214	85
334.337	77.4911	85
377.108	82.1174	85
413.855	86.7438	85
450	89.0569	85
134.94	615.302	87.5
125.301	580.605	87.5
125.904	555.16	87.5
127.711	536.655	87.5
122.892	507.74	87.5
121.687	484.609	87.5
118.072	462.633	87.5
113.253	440.658	87.5
108.434	401.335	87.5
103.614	365.48	87.5
102.41	333.096	87.5
107.831	305.338	87.5
101.205	284.52	87.5
96.3855	269.484	87.5
96.3855	250.979	87.5
93.3735	227.847	87.5
97.5904	197.776	87.5
97.5904	186.21	87.5
98.1928	172.331	87.5
106.024	152.669	87.5
124.096	133.007	87.5
142.169	120.285	87.5
165.663	119.128	87.5
181.325	112.189	87.5
199.398	101.779	87.5
225.301	100.623	87.5
250	107.562	87.5
273.494	104.093	87.5
296.988	100.623	87.5
325.301	97.153	87.5
359.639	98.3096	87.5
385.542	101.779	87.5
406.626	106.406	87.5
423.494	107.562	87.5
450.602	109.875	87.5
170.482	574.822	90
160.241	562.1	90
156.627	543.594	90
156.627	525.089	90
154.819	510.053	90
154.217	484.609	90
156.627	463.79	90
158.434	448.754	90
154.819	433.719	90
150.602	411.744	90
146.988	397.865	90
146.988	381.673	90
139.759	353.915	90
137.952	327.313	90
135.542	306.495	90
146.988	278.737	90
145.181	262.544	90
142.771	239.413	90
144.578	216.281	90
150.602	200.089	90
162.048	186.21	90
175.904	185.053	90
182.53	174.644	90
182.53	157.295	90
196.988	143.416	90
222.892	133.007	90
246.988	133.007	90
290.964	129.537	90
336.145	127.224	90
376.506	129.537	90
415.06	131.851	90
448.193	139.947	90
199.398	544.751	92.5
193.976	530.872	92.5
194.578	515.836	92.5
198.193	500.801	92.5
192.169	468.416	92.5
194.578	448.754	92.5
196.988	420.996	92.5
200	396.708	92.5
203.614	375.89	92.5
204.819	335.409	92.5
213.855	299.555	92.5
222.289	272.954	92.5
239.759	231.317	92.5
253.614	204.715	92.5
268.072	191.993	92.5
293.976	183.897	92.5
321.084	182.74	92.5
352.41	173.488	92.5
381.928	181.584	92.5
424.096	196.619	92.5
450	209.342	92.5
263.855	481.139	95
250	451.068	95
247.59	423.31	95
252.41	399.021	95
266.265	389.769	95
273.494	367.794	95
277.711	341.192	95
283.133	316.904	95
295.783	299.555	95
312.651	301.868	95
324.699	318.06	95
330.12	353.915	95
343.374	366.637	95
353.012	403.648	95
3.55E-15	24.2883	65
57.8313	24.2883	65
99.3976	21.9751	65
140.964	21.9751	65
194.578	21.9751	65
227.108	26.6014	65
277.108	24.2883	65
305.422	24.2883	65
322.892	20.8185	65
383.133	30.0712	65
407.229	30.0712	65
449.398	33.5409	65];

map_matrix(:,1) = map_matrix(:,1)*10;
map_matrix(:,3) = map_matrix(:,3)/100;
