function [ene_emm,TVS_ann,TVS_tot,ann_km,g_per_km] = historical_data

g_per_km = [2000 181 %Avg new car CO2, SMMT Motor Industry facts 2011
    2001 177.6
    2002 174.2
    2003 172.1
    2004 171.4
    2005 169.4 
    2006 167.2
    2007 164.9
    2008 158
    2009 149.5
    2010 144.2];


ene_emm = [2000 2001 2002 2003 2004 2005 2006 2007 2008;
20.1	19.8	19.7	18.9	18.6	17.9	17.3	16.7	15.9;%Mtoe from DfT TSGB table ENV0101 years 2000-8; 1 toe = 41868 MJ
76.2	76.0	77.2	75.9	76.3	75.4	75.0	74.4	72.1;]; %Mt CO2 from DfT TSGB table ENV0202


ann_km = [1949 	20.3 %billion veh-km, for 1949 to 2009 from DfT TSGB 2010 table TRA9908
1950 	25.6
1951 	29.3
1952 	30.6
1953 	33.4
1954 	37.2
1955 	42.3
1956 	46.2
1957 	45.2
1958 	55.4
1959 	62.2
1960 	68.0
1961 	76.9
1962 	83.7
1963 	91.4
1964 	105.7
1965 	115.8
1966 	126.5
1967 	135.1
1968 	142.7
1969 	147.9
1970 	155.0
1971 	165.1
1972 	174.7
1973 	184.0
1974 	180.0
1975 	181.6
1976 	190.4
1977 	194.1
1978 	202.4
1979 	201.5
1980 	215.0
1981 	219.5
1982 	227.3
1983 	231.2
1984 	244.0
1985 	250.5
1986 	264.4
1987 	284.6
1988 	305.4
1989 	331.3
1990 	335.9
1991 	335.2
1992 	338.0
1993 	338.1
1994 	345.0
1995 	351.1
1996 	359.9
1997 	365.8
1998 	370.6
1999 	377.4
2000 	376.8
2001 	382.8
2002 	392.9
2003 	393.1
2004 	398.1
2005 	397.2
2006 	402.6
2007 	404.1
2008 	401.7
2009 	400.7];



TVS_ann = [%DfT TSGB 2010 Table 9.2;
2000.00	2429.76
2001.00	2709.70
2002.00	2815.58
2003.00	2820.66
2004.00	2784.72
2005.00	2603.50
2006.00	2499.10
2007.00	2539.29
2008.00	2188.27
2009.00	1959.05];

TVS_tot = [2000.00	23196.11%DfT TSGB 2010 Table 9.1;
2001.00	23898.84
2002.00	24543.00
2003.00	24984.66
2004.00	25753.80
2005.00	26208.00
2006.00	26508.00
2007.00	26878.00
2008.00	27020.88
2009.00	27067.36];