%Title: motor_specs_3_uqm_power_phase_150
%
%Author: Reed Doucette
%
%Purpose:Power Phase 150 characteristics
%
%Updated: June 1, 2009
%%%%%%%%%%%%%%%%%%%%%%%%%%%%%%%%%%%%%%%%%%%%%%%%%%%%%%%%%%%%%%%%%%%%%%%%%%%

%max torque traits
T_max_speed_vector=single([0.00 105.90 125.09 138.99 151.56 162.15 184.66 205.84 222.38 255.48 282.61 293.20 302.47 311.07 327.62 342.18 366.00 383.21 400.42 413.00 417.63 430.20 441.46 449.40 458.00 471.24]); %rad/s
T_max_profile=single([650.00 650.00 631.81 617.26 603.92 593.00 569.96 549.35 533.58 500.84 477.80 468.10 460.82 452.33 437.78 425.65 407.46 390.49 374.72 363.81 360.17 350.47 340.77 334.70 327.43 318.94]); %Nm

%maximum torque
T_max_motor=650;

%max speed
w_max=471.23;  %rad/s

%rotor inertia
rotor_inertia=0;

%speed range
speed_range=single(0:50:450); %rpm/10
speed_range=single(10*speed_range*2*pi/60);  %rad/s

%Torque Range
torque_range=single(0:50:650); %Nm

%Effiency Matrix
eff_matrix=single([0.65	0.65	0.65	0.65	0.65	0.65	0.65	0.65	0.65	0.65
0.7	0.75	0.77	0.79	0.8	0.8	0.8	0.799	0.75	0.75
0.74	0.812	0.85	0.862	0.875	0.874	0.875	0.875	0.875	0.873
0.735	0.82	0.873	0.884	0.903	0.907	0.912	0.912	0.91	0.902
0.725	0.817	0.877	0.9	0.911	0.924	0.927	0.927	0.927	0.923
0.695	0.807	0.877	0.904	0.918	0.928	0.939	0.936	0.931	0.928
0.67	0.804	0.871	0.908	0.921	0.936	0.95	0.942	0.936	0.932
0.66	0.8	0.875	0.907	0.924	0.94	0.95	0.948	0.939	0.934
0.65	0.78	0.869	0.9	0.925	0.95	0.95	0.95	0.94	0.936
0.65	0.765	0.863	0.892	0.926	0.95	0.95	0.95	0.94	0.938
0.65	0.753	0.852	0.898	0.925	0.942	0.95	0.95	0.945	0.94
0.65	0.746	0.849	0.89	0.924	0.925	0.94	0.95	0.946	0.942
0.65	0.73	0.843	0.887	0.9	0.9	0.925	0.925	0.95	0.945
0.65	0.74	0.84	0.875	0.887	0.887	0.89	0.89	0.89	0.95]);

%Mass (kg)
motor_mass=106.9;